         #betas            mean        mean_std        skewness    skewness_std        kurtosis    kurtosis_std
    4.975000000     1.177360940     0.011635976    -0.947954208     0.518865282     9.149304628     4.179758761
    4.975075630     1.176660877     0.011380696    -0.973264109     0.543591236     7.246262791     5.448303977
    4.975151261     1.175933534     0.011136363    -1.061371458     0.547142098     9.117442863     4.579996625
    4.975226891     1.175215876     0.010877965    -1.118298743     0.545067375     8.852636361     4.187063329
    4.975302521     1.174473983     0.010640780    -1.185234528     0.548962512     9.352493253     3.925512514
    4.975378151     1.173721379     0.010400404    -1.259725440     0.565168528    10.059561590     5.726802846
    4.975453782     1.172913182     0.010164585    -1.339456917     0.553011933    10.652017616     4.260884629
    4.975529412     1.172096264     0.009952837    -1.434889366     0.538103870    12.183075419     3.292052763
    4.975605042     1.171258640     0.009693614    -1.506797908     0.540398032    11.927076529     4.453907000
    4.975680672     1.170366293     0.009477146    -1.584587947     0.523129863    11.691976450     4.148657982
    4.975756303     1.169464898     0.009251709    -1.688078218     0.503672227    12.378432944     4.003118622
    4.975831933     1.168533206     0.009015043    -1.771633619     0.478063377    13.122700238     2.855701872
    4.975907563     1.167577034     0.008788401    -1.884518654     0.435827237    14.444182242     2.086421873
    4.975983193     1.166597712     0.008588117    -1.954462357     0.427826201    13.901422455     3.014067252
    4.976058824     1.165569180     0.008364218    -2.063302583     0.392519024    15.149777067     2.840208666
    4.976134454     1.164482749     0.008152038    -2.144383419     0.355184862    15.194450206     2.368939761
    4.976210084     1.163394076     0.007943463    -2.216564661     0.327795663    14.983527896     2.054528709
    4.976285714     1.162220120     0.007738029    -2.309902131     0.288762782    15.774148381     1.484771954
    4.976361345     1.160971582     0.007522580    -2.387713701     0.245239915    15.848498513     1.270018744
    4.976436975     1.159665179     0.007323828    -2.452857584     0.202959819    15.897292280     0.984234608
    4.976512605     1.158243412     0.007044207    -2.510449156     0.165887290    15.764941077     1.076661235
    4.976588235     1.156712461     0.006758578    -2.567378405     0.134087000    15.827410150     1.058180420
    4.976663866     1.155079859     0.006459757    -2.603257781     0.097198674    15.418134190     1.000467367
    4.976739496     1.153390145     0.006147976    -2.630925349     0.071089620    15.202308170     1.099223952
    4.976815126     1.151584697     0.005807034    -2.638814628     0.056855249    14.650828990     0.999783790
    4.976890756     1.149642479     0.005504541    -2.638781857     0.044273813    14.219980922     1.128212040
    4.976966387     1.147577190     0.005171708    -2.623848163     0.050949823    13.555681264     1.052008964
    4.977042017     1.145368743     0.004863380    -2.604942338     0.057807727    13.166733989     1.093511340
    4.977117647     1.142979079     0.004575466    -2.562859975     0.063032255    12.350812843     0.934410423
    4.977193277     1.140397096     0.004248448    -2.510200710     0.066581664    11.560416850     0.871322941
    4.977268908     1.137628573     0.003883611    -2.448086598     0.065902406    10.786268859     0.735226455
    4.977344538     1.134650588     0.003535468    -2.378667206     0.062784243    10.074685126     0.640681217
    4.977420168     1.131501997     0.003131796    -2.300838171     0.060433651     9.336631749     0.556124554
    4.977495798     1.128134251     0.002742692    -2.216739194     0.052903148     8.636196121     0.432757084
    4.977571429     1.124561751     0.002314214    -2.128235360     0.045517450     7.953093254     0.351554077
    4.977647059     1.120635629     0.001922999    -2.032756108     0.038449377     7.281581436     0.265034611
    4.977722689     1.116489393     0.001574973    -1.933788102     0.032728894     6.650848939     0.215666590
    4.977798319     1.112040347     0.001304670    -1.831737545     0.027353217     6.065336883     0.168719358
    4.977873950     1.107158226     0.001120071    -1.725550012     0.023564379     5.489876909     0.123753420
    4.977949580     1.101940882     0.001043485    -1.617608522     0.021869280     4.965747879     0.108749237
    4.978025210     1.096433032     0.001030679    -1.508259628     0.020591440     4.482028299     0.086751896
    4.978100840     1.090607333     0.001193052    -1.400622190     0.022979535     4.054421508     0.092755533
    4.978176471     1.084395516     0.001370158    -1.291502207     0.023680495     3.656081866     0.084134489
    4.978252101     1.077904010     0.001602944    -1.183849951     0.025628140     3.299141284     0.083022235
    4.978327731     1.071081299     0.001605174    -1.076297200     0.024561325     2.977463787     0.070722169
    4.978403361     1.063899279     0.001431200    -0.969978691     0.021016769     2.694017764     0.054441703
    4.978478992     1.056468403     0.001339346    -0.864858864     0.019256716     2.447490869     0.042659726
    4.978554622     1.048787439     0.001337425    -0.762040710     0.018696505     2.236356166     0.037780548
    4.978630252     1.040841514     0.001234856    -0.659765325     0.017213883     2.053387464     0.031955822
    4.978705882     1.032690114     0.001356213    -0.558961616     0.018706949     1.899038882     0.031648768
    4.978781513     1.024318856     0.001435900    -0.458547470     0.018250827     1.770461376     0.022354490
    4.978857143     1.015805870     0.001451607    -0.359246299     0.017659546     1.668747931     0.016605545
    4.978932773     1.006953967     0.001533000    -0.258490424     0.017521293     1.594609811     0.011320515
    4.979008403     0.997670683     0.001542177    -0.155629994     0.017304239     1.543260092     0.008899246
    4.979084034     0.987631568     0.001422762    -0.046056770     0.016331955     1.519550284     0.005705714
    4.979159664     0.977294862     0.001349253     0.066450564     0.015163466     1.524047219     0.005810522
    4.979235294     0.966979820     0.001323245     0.179295681     0.015091261     1.561465311     0.007543143
    4.979310924     0.956751910     0.001305391     0.292202432     0.014606092     1.630130201     0.011759352
    4.979386555     0.946674091     0.001342673     0.404946912     0.014360290     1.733483127     0.015455345
    4.979462185     0.936861813     0.001415573     0.518833534     0.014837016     1.869925182     0.022257106
    4.979537815     0.927166110     0.001493344     0.634449744     0.016888656     2.042545674     0.031884546
    4.979613445     0.917821684     0.001663126     0.750701091     0.019142749     2.253891045     0.043365094
    4.979689076     0.908881083     0.001790825     0.867305038     0.021945599     2.504467659     0.055979315
    4.979764706     0.900146845     0.001843783     0.987049759     0.024377675     2.799392200     0.072907104
    4.979840336     0.891882518     0.001843418     1.106811565     0.026344618     3.143318632     0.088619516
    4.979915966     0.884049803     0.001829519     1.226515111     0.027299010     3.533972510     0.106698341
    4.979991597     0.876630336     0.001793767     1.345738174     0.027382324     3.976489549     0.121501876
    4.980067227     0.869697705     0.001803928     1.463875327     0.030196942     4.464551080     0.145104335
    4.980142857     0.863268080     0.001905363     1.579426384     0.032654585     4.999423821     0.172640745
    4.980218487     0.857273310     0.002075259     1.691316675     0.036307525     5.574791177     0.213925866
    4.980294118     0.851722291     0.002355587     1.800198606     0.040462102     6.200655181     0.262208461
    4.980369748     0.846487564     0.002663820     1.904439520     0.046811052     6.878639043     0.328409541
    4.980445378     0.841648144     0.002979491     2.001442621     0.053243429     7.576033774     0.402545036
    4.980521008     0.837159416     0.003273369     2.088856619     0.057940572     8.309045764     0.483171017
    4.980596639     0.832921278     0.003531721     2.168621869     0.061158237     9.069566351     0.576245279
    4.980672269     0.829030702     0.003824877     2.233308787     0.063737200     9.796982585     0.646416057
    4.980747899     0.825393155     0.004133770     2.284330699     0.063613350    10.515803835     0.706709978
    4.980823529     0.821991521     0.004351421     2.319100177     0.062465295    11.215955947     0.758201042
    4.980899160     0.818822324     0.004539831     2.334890407     0.062679207    11.824649481     0.811189258
    4.980974790     0.815921950     0.004729752     2.337129381     0.066721719    12.356150621     0.818786079
    4.981050420     0.813159946     0.004938657     2.314204809     0.078808058    12.754154453     0.793386313
    4.981126050     0.810590461     0.005071402     2.275313807     0.095473090    13.035272508     0.753045026
    4.981201681     0.808174089     0.005188992     2.218705195     0.124417474    13.165558996     0.676876350
    4.981277311     0.805931050     0.005352876     2.140559559     0.150740700    13.159711669     0.702739872
    4.981352941     0.803815803     0.005472480     2.055059265     0.177781529    13.024454904     0.713442583
    4.981428571     0.801808283     0.005573053     1.956350044     0.206130408    12.795659810     0.848685402
    4.981504202     0.799902114     0.005710870     1.849009233     0.239806571    12.400175447     1.023932501
    4.981579832     0.798129970     0.005803637     1.740856911     0.261060107    12.089142337     1.087812574
    4.981655462     0.796420872     0.005932791     1.625011374     0.275855906    11.317182389     1.366539815
    4.981731092     0.794772196     0.006067719     1.504459730     0.304012681    10.887647572     1.489785771
    4.981806723     0.793233794     0.006172026     1.395684809     0.313965851    10.048275245     1.856826276
    4.981882353     0.791761774     0.006288820     1.292047922     0.322750874     9.584091681     1.858094129
    4.981957983     0.790339050     0.006388244     1.185293761     0.324117659     9.027016421     1.837925736
    4.982033613     0.788988677     0.006509606     1.092138769     0.330273312     8.561140452     1.817592742
    4.982109244     0.787683982     0.006640515     1.005628974     0.317137732     7.992383050     1.978753693
    4.982184874     0.786404192     0.006787827     0.921520418     0.301658893     7.400170668     1.878053342
    4.982260504     0.785201210     0.006921327     0.849102433     0.299732801     6.917835536     1.900159448
    4.982336134     0.784038958     0.007080523     0.777665152     0.287242340     6.718767139     1.977774994
    4.982411765     0.782897767     0.007213882     0.718708591     0.270842657     6.347240136     1.547596854
    4.982487395     0.781818929     0.007359130     0.664089992     0.259602877     5.768446359     1.629503159
    4.982563025     0.780768964     0.007489408     0.604894091     0.244815403     5.626292602     1.400387710
    4.982638655     0.779751897     0.007612959     0.559628981     0.232169508     5.249736445     1.313725948
    4.982714286     0.778760442     0.007744840     0.520322580     0.214302145     4.892254034     1.341346669
    4.982789916     0.777787679     0.007894474     0.483146666     0.201584758     4.744248716     1.337971658
    4.982865546     0.776850665     0.008030498     0.449354100     0.193086118     4.724022721     1.105894878
    4.982941176     0.775955883     0.008180977     0.427500256     0.185174125     4.490691174     1.216636129
    4.983016807     0.775049752     0.008334523     0.395132409     0.174675023     4.159192956     0.928707746
    4.983092437     0.774188536     0.008525557     0.369555824     0.166078892     4.117391067     1.185208648
    4.983168067     0.773327002     0.008697070     0.343198112     0.155567972     3.959355357     1.084219883
    4.983243697     0.772484797     0.008883234     0.320484467     0.149811113     4.195237442     1.018967723
    4.983319328     0.771665508     0.009056421     0.299512724     0.140339422     3.947633023     0.971945101
    4.983394958     0.770839545     0.009235910     0.288062404     0.138084409     3.836200936     1.103635021
    4.983470588     0.770032939     0.009393982     0.275987085     0.141905103     3.474523056     0.962849533
    4.983546218     0.769237018     0.009583343     0.264131351     0.136150806     3.488056827     0.709078029
    4.983621849     0.768438011     0.009755281     0.240455197     0.135621703     3.826803492     0.740178967
    4.983697479     0.767665142     0.009924959     0.231858998     0.130843353     3.672695081     0.940894648
    4.983773109     0.766898715     0.010101613     0.223903959     0.125449084     3.478224045     1.083769969
    4.983848739     0.766129193     0.010294705     0.216641829     0.124230715     3.426571523     0.820424913
    4.983924370     0.765369853     0.010481912     0.209217497     0.128650229     3.234917385     0.895681230
    4.984000000     0.764598209     0.010678556     0.195668703     0.120011735     3.470358661     1.214125929
