         #betas            mean        mean_std        skewness    skewness_std        kurtosis    kurtosis_std
    4.976000000     1.080702556     0.003429423    -0.847800307     0.039509271     2.541250845     0.083385310
    4.976050000     1.079307981     0.003432270    -0.834812720     0.039338851     2.511513117     0.081896855
    4.976100000     1.077904761     0.003435104    -0.821813427     0.039171302     2.482269710     0.080425513
    4.976150000     1.076492964     0.003437925    -0.808803139     0.039006605     2.453520539     0.078971157
    4.976200000     1.075072659     0.003440729    -0.795782549     0.038844737     2.425265447     0.077533664
    4.976250000     1.073643921     0.003443517    -0.782752334     0.038685680     2.397504213     0.076112916
    4.976300000     1.072206826     0.003446286    -0.769713154     0.038529412     2.370236546     0.074708797
    4.976350000     1.070761454     0.003449036    -0.756665657     0.038375917     2.343462095     0.073321196
    4.976400000     1.069307890     0.003451766    -0.743610470     0.038225175     2.317180447     0.071950007
    4.976450000     1.067846220     0.003454474    -0.730548209     0.038077170     2.291391135     0.070595128
    4.976500000     1.066376536     0.003457159    -0.717479473     0.037931884     2.266093638     0.069256465
    4.976550000     1.064898930     0.003459819    -0.704404847     0.037789304     2.241287379     0.067933927
    4.976600000     1.063413500     0.003462455    -0.691324901     0.037649412     2.216971739     0.066627431
    4.976650000     1.061920346     0.003465064    -0.678240190     0.037512194     2.193146044     0.065336901
    4.976700000     1.060419573     0.003467645    -0.665151255     0.037377637     2.169809588     0.064062268
    4.976750000     1.058911288     0.003470199    -0.652058623     0.037245726     2.146961610     0.062803470
    4.976800000     1.057395601     0.003472722    -0.638962810     0.037116449     2.124601324     0.061560457
    4.976850000     1.055872626     0.003475216    -0.625864314     0.036989793     2.102727897     0.060333187
    4.976900000     1.054342481     0.003477678    -0.612763624     0.036865746     2.081340469     0.059121626
    4.976950000     1.052805285     0.003480108    -0.599661214     0.036744298     2.060438142     0.057925754
    4.977000000     1.051261162     0.003482505    -0.586557545     0.036625436     2.040019993     0.056745563
    4.977050000     1.049710240     0.003484868    -0.573453067     0.036509151     2.020085066     0.055581056
    4.977100000     1.048152647     0.003487197    -0.560348219     0.036395433     2.000632392     0.054432251
    4.977150000     1.046588517     0.003489491    -0.547243425     0.036284272     1.981660959     0.053299182
    4.977200000     1.045017987     0.003491748    -0.534139100     0.036175658     1.963169751     0.052181898
    4.977250000     1.043441195     0.003493969    -0.521035649     0.036069583     1.945157726     0.051080467
    4.977300000     1.041858284     0.003496153    -0.507933463     0.035966040     1.927623823     0.049994973
    4.977350000     1.040269398     0.003498299    -0.494832924     0.035865019     1.910566969     0.048925523
    4.977400000     1.038674685     0.003500407    -0.481734405     0.035766513     1.893986071     0.047872245
    4.977450000     1.037074297     0.003502476    -0.468638267     0.035670515     1.877880030     0.046835291
    4.977500000     1.035468388     0.003504506    -0.455544863     0.035577018     1.862247731     0.045814839
    4.977550000     1.033857112     0.003506497    -0.442454535     0.035486015     1.847088048     0.044811091
    4.977600000     1.032240630     0.003508448    -0.429367619     0.035397501     1.832399865     0.043824283
    4.977650000     1.030619102     0.003510359    -0.416284440     0.035311469     1.818182037     0.042854678
    4.977700000     1.028992694     0.003512230    -0.403205313     0.035227914     1.804433417     0.041902575
    4.977750000     1.027361570     0.003514060    -0.390130550     0.035146830     1.791152865     0.040968308
    4.977800000     1.025725901     0.003515849    -0.377060451     0.035068212     1.778339242     0.040052249
    4.977850000     1.024085857     0.003517598    -0.363995310     0.034992057     1.765991395     0.039154810
    4.977900000     1.022441612     0.003519306    -0.350935415     0.034918358     1.754108171     0.038276448
    4.977950000     1.020793341     0.003520974    -0.337881045     0.034847112     1.742688428     0.037417662
    4.978000000     1.019141222     0.003522601    -0.324832474     0.034778315     1.731731021     0.036579003
    4.978050000     1.017485433     0.003524187    -0.311789970     0.034711964     1.721234808     0.035761067
    4.978100000     1.015826157     0.003525733    -0.298753797     0.034648054     1.711198659     0.034964507
    4.978150000     1.014163577     0.003527238    -0.285724207     0.034586583     1.701621425     0.034190025
    4.978200000     1.012497877     0.003528704    -0.272701456     0.034527548     1.692501998     0.033438383
    4.978250000     1.010829244     0.003530129    -0.259685787     0.034470945     1.683839243     0.032710395
    4.978300000     1.009157866     0.003531516    -0.246677445     0.034416773     1.675632062     0.032006933
    4.978350000     1.007483931     0.003532863    -0.233676667     0.034365028     1.667879337     0.031328926
    4.978400000     1.005807631     0.003534171    -0.220683686     0.034315710     1.660579979     0.030677354
    4.978450000     1.004129158     0.003535442    -0.207698735     0.034268815     1.653732902     0.030053251
    4.978500000     1.002448703     0.003536674    -0.194722039     0.034224343     1.647337023     0.029457696
    4.978550000     1.000766462     0.003537869    -0.181753825     0.034182291     1.641391278     0.028891812
    4.978600000     0.999082628     0.003539028    -0.168794314     0.034142659     1.635894609     0.028356752
    4.978650000     0.997397397     0.003540151    -0.155843725     0.034105445     1.630845963     0.027853696
    4.978700000     0.995710966     0.003541238    -0.142902277     0.034070648     1.626244311     0.027383835
    4.978750000     0.994023531     0.003542290    -0.129970187     0.034038268     1.622088624     0.026948359
    4.978800000     0.992335289     0.003543308    -0.117047669     0.034008304     1.618377880     0.026548441
    4.978850000     0.990646438     0.003544293    -0.104134938     0.033980756     1.615111099     0.026185222
    4.978900000     0.988957176     0.003545246    -0.091232207     0.033955623     1.612287267     0.025859786
    4.978950000     0.987267700     0.003546166    -0.078339689     0.033932905     1.609905412     0.025573148
    4.979000000     0.985578209     0.003547056    -0.065457599     0.033912604     1.607964564     0.025326227
    4.979050000     0.983888900     0.003547915    -0.052586148     0.033894718     1.606463768     0.025119828
    4.979100000     0.982199971     0.003548746    -0.039725551     0.033879249     1.605402066     0.024954625
    4.979150000     0.980511620     0.003549548    -0.026876024     0.033866197     1.604778541     0.024831144
    4.979200000     0.978824042     0.003550322    -0.014037783     0.033855564     1.604592249     0.024749746
    4.979250000     0.977137435     0.003551071    -0.001211045     0.033847349     1.604842287     0.024710618
    4.979300000     0.975451994     0.003551794     0.011603970     0.033841555     1.605527744     0.024713768
    4.979350000     0.973767915     0.003552492     0.024407041     0.033838183     1.606647727     0.024759021
    4.979400000     0.972085391     0.003553167     0.037197944     0.033837234     1.608201335     0.024846025
    4.979450000     0.970404616     0.003553820     0.049976452     0.033838711     1.610187699     0.024974254
    4.979500000     0.968725781     0.003554451     0.062742335     0.033842614     1.612605953     0.025143023
    4.979550000     0.967049079     0.003555062     0.075495360     0.033848947     1.615455234     0.025351502
    4.979600000     0.965374698     0.003555653     0.088235293     0.033857711     1.618734667     0.025598732
    4.979650000     0.963702828     0.003556227     0.100961890     0.033868909     1.622443428     0.025883646
    4.979700000     0.962033654     0.003556784     0.113674910     0.033882543     1.626580647     0.026205091
    4.979750000     0.960367363     0.003557324     0.126374102     0.033898617     1.631145501     0.026561843
    4.979800000     0.958704138     0.003557850     0.139059214     0.033917133     1.636137143     0.026952636
    4.979850000     0.957044162     0.003558362     0.151729988     0.033938095     1.641554744     0.027376172
    4.979900000     0.955387614     0.003558861     0.164386161     0.033961506     1.647397457     0.027831144
    4.979950000     0.953734673     0.003559349     0.177027462     0.033987370     1.653664475     0.028316250
    4.980000000     0.952085516     0.003559826     0.189653621     0.034015690     1.660354935     0.028830207
    4.980050000     0.950440316     0.003560294     0.202264354     0.034046470     1.667468037     0.029371761
    4.980100000     0.948799245     0.003560754     0.214859377     0.034079714     1.675002928     0.029939697
    4.980150000     0.947162474     0.003561207     0.227438396     0.034115427     1.682958776     0.030532846
    4.980200000     0.945530171     0.003561654     0.240001113     0.034153613     1.691334733     0.031150092
    4.980250000     0.943902499     0.003562096     0.252547222     0.034194278     1.700129949     0.031790372
    4.980300000     0.942279623     0.003562534     0.265076408     0.034237425     1.709343581     0.032452684
    4.980350000     0.940661702     0.003562970     0.277588352     0.034283060     1.718974753     0.033136084
    4.980400000     0.939048893     0.003563403     0.290082725     0.034331189     1.729022621     0.033839685
    4.980450000     0.937441353     0.003563837     0.302559193     0.034381816     1.739486265     0.034562663
    4.980500000     0.935839232     0.003564270     0.315017412     0.034434949     1.750364812     0.035304248
    4.980550000     0.934242681     0.003564706     0.327457030     0.034490592     1.761657355     0.036063728
    4.980600000     0.932651846     0.003565144     0.339877687     0.034548752     1.773362963     0.036840445
    4.980650000     0.931066872     0.003565585     0.352279015     0.034609435     1.785480701     0.037633790
    4.980700000     0.929487898     0.003566031     0.364660636     0.034672648     1.798009615     0.038443207
    4.980750000     0.927915063     0.003566482     0.377022166     0.034738398     1.810948724     0.039268184
    4.980800000     0.926348501     0.003566940     0.389363206     0.034806693     1.824297048     0.040108252
    4.980850000     0.924788346     0.003567406     0.401683358     0.034877538     1.838053537     0.040962984
    4.980900000     0.923234724     0.003567880     0.413982203     0.034950943     1.852217181     0.041831994
    4.980950000     0.921687763     0.003568363     0.426259321     0.035026914     1.866786889     0.042714929
    4.981000000     0.920147584     0.003568856     0.438514279     0.035105460     1.881761578     0.043611471
    4.981050000     0.918614307     0.003569360     0.450746634     0.035186590     1.897140115     0.044521333
    4.981100000     0.917088048     0.003569876     0.462955934     0.035270311     1.912921354     0.045444257
    4.981150000     0.915568919     0.003570405     0.475141716     0.035356633     1.929104107     0.046380014
    4.981200000     0.914057032     0.003570948     0.487303508     0.035445564     1.945687144     0.047328398
    4.981250000     0.912552491     0.003571504     0.499440828     0.035537114     1.962669215     0.048289227
    4.981300000     0.911055400     0.003572076     0.511553182     0.035631293     1.980049021     0.049262341
    4.981350000     0.909565859     0.003572664     0.523640066     0.035728111     1.997825247     0.050247600
    4.981400000     0.908083965     0.003573268     0.535700968     0.035827577     2.015996484     0.051244881
    4.981450000     0.906609811     0.003573889     0.547735362     0.035929702     2.034561343     0.052254080
    4.981500000     0.905143486     0.003574529     0.559742711     0.036034497     2.053518352     0.053275109
    4.981550000     0.903685078     0.003575187     0.571722473     0.036141973     2.072865992     0.054307891
    4.981600000     0.902234669     0.003575864     0.583674087     0.036252140     2.092602714     0.055352368
    4.981650000     0.900792341     0.003576561     0.595596987     0.036365011     2.112726932     0.056408489
    4.981700000     0.899358169     0.003577279     0.607490593     0.036480597     2.133236953     0.057476218
    4.981750000     0.897932228     0.003578017     0.619354318     0.036598910     2.154131073     0.058555528
    4.981800000     0.896514587     0.003578778     0.631187560     0.036719963     2.175407533     0.059646401
    4.981850000     0.895105314     0.003579560     0.642989705     0.036843768     2.197064506     0.060748829
    4.981900000     0.893704473     0.003580365     0.654760135     0.036970339     2.219100084     0.061862812
    4.981950000     0.892312124     0.003581193     0.666498214     0.037099687     2.241512345     0.062988358
    4.982000000     0.890928324     0.003582044     0.678203300     0.037231828     2.264299249     0.064125480
