         #betas            mean        mean_std        skewness    skewness_std        kurtosis    kurtosis_std
    4.988000000     1.057921252     0.004694887    -0.645796978     0.062753476     2.200704461     0.103559255
    4.988010000     1.057330837     0.004697209    -0.639282556     0.062629658     2.189187495     0.102623317
    4.988020000     1.056738881     0.004699541    -0.632764904     0.062507639     2.177792514     0.101694565
    4.988030000     1.056145394     0.004701881    -0.626244111     0.062387414     2.166519537     0.100772964
    4.988040000     1.055550388     0.004704229    -0.619720260     0.062268978     2.155368573     0.099858477
    4.988050000     1.054953874     0.004706586    -0.613193437     0.062152327     2.144339630     0.098951070
    4.988060000     1.054355865     0.004708951    -0.606663725     0.062037457     2.133432711     0.098050712
    4.988070000     1.053756372     0.004711324    -0.600131208     0.061924362     2.122647817     0.097157370
    4.988080000     1.053155408     0.004713704    -0.593595968     0.061813038     2.111984942     0.096271014
    4.988090000     1.052552983     0.004716093    -0.587058085     0.061703481     2.101444084     0.095391615
    4.988100000     1.051949112     0.004718488    -0.580517640     0.061595686     2.091025228     0.094519145
    4.988110000     1.051343807     0.004720891    -0.573974711     0.061489649     2.080728364     0.093653578
    4.988120000     1.050737079     0.004723300    -0.567429378     0.061385365     2.070553472     0.092794888
    4.988130000     1.050128943     0.004725716    -0.560881718     0.061282830     2.060500535     0.091943053
    4.988140000     1.049519412     0.004728138    -0.554331807     0.061182039     2.050569530     0.091098050
    4.988150000     1.048908498     0.004730567    -0.547779722     0.061082988     2.040760432     0.090259858
    4.988160000     1.048296216     0.004733002    -0.541225537     0.060985672     2.031073215     0.089428460
    4.988170000     1.047682578     0.004735442    -0.534669325     0.060890087     2.021507840     0.088603837
    4.988180000     1.047067599     0.004737888    -0.528111161     0.060796229     2.012064283     0.087785974
    4.988190000     1.046451293     0.004740339    -0.521551117     0.060704093     2.002742503     0.086974858
    4.988200000     1.045833674     0.004742795    -0.514989264     0.060613675     1.993542463     0.086170477
    4.988210000     1.045214756     0.004745256    -0.508425673     0.060524970     1.984464118     0.085372820
    4.988220000     1.044594554     0.004747721    -0.501860414     0.060437975     1.975507430     0.084581880
    4.988230000     1.043973082     0.004750191    -0.495293556     0.060352684     1.966672347     0.083797651
    4.988240000     1.043350356     0.004752665    -0.488725168     0.060269094     1.957958826     0.083020129
    4.988250000     1.042726390     0.004755143    -0.482155317     0.060187201     1.949366821     0.082249311
    4.988260000     1.042101199     0.004757624    -0.475584070     0.060106999     1.940896267     0.081485199
    4.988270000     1.041474799     0.004760108    -0.469011493     0.060028485     1.932547114     0.080727795
    4.988280000     1.040847205     0.004762595    -0.462437652     0.059951654     1.924319315     0.079977104
    4.988290000     1.040218433     0.004765086    -0.455862611     0.059876503     1.916212802     0.079233133
    4.988300000     1.039588499     0.004767578    -0.449286434     0.059803026     1.908227513     0.078495893
    4.988310000     1.038957418     0.004770073    -0.442709186     0.059731220     1.900363408     0.077765395
    4.988320000     1.038325207     0.004772570    -0.436130926     0.059661081     1.892620393     0.077041655
    4.988330000     1.037691882     0.004775069    -0.429551719     0.059592604     1.884998423     0.076324691
    4.988340000     1.037057459     0.004777568    -0.422971624     0.059525785     1.877497423     0.075614522
    4.988350000     1.036421955     0.004780070    -0.416390703     0.059460620     1.870117327     0.074911173
    4.988360000     1.035785387     0.004782572    -0.409809015     0.059397105     1.862858067     0.074214670
    4.988370000     1.035147771     0.004785074    -0.403226619     0.059335236     1.855719563     0.073525041
    4.988380000     1.034509125     0.004787577    -0.396643575     0.059275008     1.848701764     0.072842320
    4.988390000     1.033869465     0.004790080    -0.390059939     0.059216417     1.841804583     0.072166542
    4.988400000     1.033228808     0.004792583    -0.383475770     0.059159460     1.835027941     0.071497745
    4.988410000     1.032587173     0.004795085    -0.376891123     0.059104133     1.828371758     0.070835973
    4.988420000     1.031944576     0.004797586    -0.370306055     0.059050430     1.821835967     0.070181270
    4.988430000     1.031301036     0.004800086    -0.363720623     0.058998348     1.815420502     0.069533686
    4.988440000     1.030656570     0.004802585    -0.357134879     0.058947884     1.809125252     0.068893273
    4.988450000     1.030011196     0.004805082    -0.350548880     0.058899032     1.802950174     0.068260088
    4.988460000     1.029364932     0.004807577    -0.343962678     0.058851790     1.796895146     0.067634191
    4.988470000     1.028717796     0.004810070    -0.337376328     0.058806152     1.790960142     0.067015646
    4.988480000     1.028069806     0.004812560    -0.330789880     0.058762115     1.785144994     0.066404520
    4.988490000     1.027420981     0.004815047    -0.324203391     0.058719675     1.779449712     0.065800886
    4.988500000     1.026771340     0.004817531    -0.317616908     0.058678829     1.773874145     0.065204819
    4.988510000     1.026120901     0.004820011    -0.311030484     0.058639571     1.768418228     0.064616399
    4.988520000     1.025469682     0.004822488    -0.304444171     0.058601898     1.763081894     0.064035711
    4.988530000     1.024817703     0.004824961    -0.297858018     0.058565806     1.757865031     0.063462842
    4.988540000     1.024164982     0.004827429    -0.291272075     0.058531291     1.752767562     0.062897886
    4.988550000     1.023511539     0.004829892    -0.284686392     0.058498350     1.747789406     0.062340940
    4.988560000     1.022857393     0.004832350    -0.278101018     0.058466978     1.742930474     0.061792105
    4.988570000     1.022202563     0.004834803    -0.271516001     0.058437171     1.738190660     0.061251487
    4.988580000     1.021547068     0.004837251    -0.264931389     0.058408925     1.733569892     0.060719197
    4.988590000     1.020890927     0.004839692    -0.258347231     0.058382238     1.729068071     0.060195349
    4.988600000     1.020234161     0.004842127    -0.251763572     0.058357104     1.724685116     0.059680062
    4.988610000     1.019576789     0.004844556    -0.245180462     0.058333520     1.720420933     0.059173461
    4.988620000     1.018918831     0.004846977    -0.238597946     0.058311482     1.716275438     0.058675674
    4.988630000     1.018260306     0.004849391    -0.232016071     0.058290986     1.712248531     0.058186833
    4.988640000     1.017601234     0.004851798    -0.225434882     0.058272029     1.708340126     0.057707077
    4.988650000     1.016941636     0.004854197    -0.218854424     0.058254607     1.704550126     0.057236545
    4.988660000     1.016281531     0.004856588    -0.212274745     0.058238715     1.700878449     0.056775386
    4.988670000     1.015620939     0.004858970    -0.205695888     0.058224350     1.697324996     0.056323748
    4.988680000     1.014959881     0.004861343    -0.199117898     0.058211509     1.693889682     0.055881785
    4.988690000     1.014298376     0.004863707    -0.192540819     0.058200187     1.690572417     0.055449657
    4.988700000     1.013636445     0.004866062    -0.185964695     0.058190380     1.687373091     0.055027525
    4.988710000     1.012974109     0.004868407    -0.179389571     0.058182086     1.684291627     0.054615555
    4.988720000     1.012311388     0.004870742    -0.172815491     0.058175300     1.681327937     0.054213916
    4.988730000     1.011648301     0.004873067    -0.166242496     0.058170019     1.678481921     0.053822781
    4.988740000     1.010984871     0.004875381    -0.159670632     0.058166238     1.675753490     0.053442325
    4.988750000     1.010321117     0.004877683    -0.153099940     0.058163955     1.673142551     0.053072728
    4.988760000     1.009657059     0.004879975    -0.146530463     0.058163165     1.670649013     0.052714169
    4.988770000     1.008992719     0.004882255    -0.139962245     0.058163865     1.668272778     0.052366832
    4.988780000     1.008328118     0.004884523    -0.133395327     0.058166051     1.666013771     0.052030902
    4.988790000     1.007663275     0.004886778    -0.126829751     0.058169720     1.663871879     0.051706566
    4.988800000     1.006998212     0.004889021    -0.120265560     0.058174867     1.661847031     0.051394012
    4.988810000     1.006332949     0.004891251    -0.113702796     0.058181490     1.659939111     0.051093427
    4.988820000     1.005667508     0.004893468    -0.107141500     0.058189584     1.658148046     0.050805001
    4.988830000     1.005001909     0.004895672    -0.100581713     0.058199147     1.656473722     0.050528922
    4.988840000     1.004336173     0.004897861    -0.094023479     0.058210174     1.654916102     0.050265378
    4.988850000     1.003670320     0.004900037    -0.087466840     0.058222661     1.653475055     0.050014556
    4.988860000     1.003004372     0.004902198    -0.080911833     0.058236606     1.652150467     0.049776642
    4.988870000     1.002338350     0.004904344    -0.074358503     0.058252005     1.650942280     0.049551818
    4.988880000     1.001672274     0.004906476    -0.067806890     0.058268853     1.649850416     0.049340264
    4.988890000     1.001006166     0.004908592    -0.061257035     0.058287148     1.648874742     0.049142157
    4.988900000     1.000340046     0.004910692    -0.054708982     0.058306887     1.648015218     0.048957671
    4.988910000     0.999673935     0.004912777    -0.048162766     0.058328064     1.647271682     0.048786974
    4.988920000     0.999007854     0.004914845    -0.041618435     0.058350678     1.646644122     0.048630231
    4.988930000     0.998341824     0.004916897    -0.035076025     0.058374724     1.646132384     0.048487598
    4.988940000     0.997675866     0.004918932    -0.028535580     0.058400200     1.645736431     0.048359229
    4.988950000     0.997010001     0.004920951    -0.021997141     0.058427100     1.645456134     0.048245268
    4.988960000     0.996344249     0.004922951    -0.015460748     0.058455423     1.645291434     0.048145855
    4.988970000     0.995678632     0.004924935    -0.008926444     0.058485164     1.645242218     0.048061119
    4.988980000     0.995013170     0.004926900    -0.002394268     0.058516320     1.645308399     0.047991183
    4.988990000     0.994347884     0.004928847     0.004135737     0.058548888     1.645489882     0.047936162
    4.989000000     0.993682794     0.004930776     0.010663529     0.058582864     1.645786608     0.047896159
    4.989010000     0.993017923     0.004932686     0.017189070     0.058618245     1.646198437     0.047871270
    4.989020000     0.992353289     0.004934577     0.023712313     0.058655027     1.646725346     0.047861580
    4.989030000     0.991688914     0.004936449     0.030233220     0.058693207     1.647367189     0.047867167
    4.989040000     0.991024819     0.004938302     0.036751750     0.058732782     1.648123885     0.047888094
    4.989050000     0.990361023     0.004940135     0.043267857     0.058773747     1.648995379     0.047924416
    4.989060000     0.989697549     0.004941948     0.049781500     0.058816100     1.649981554     0.047976178
    4.989070000     0.989034415     0.004943741     0.056292641     0.058859838     1.651082309     0.048043413
    4.989080000     0.988371642     0.004945513     0.062801232     0.058904956     1.652297589     0.048126144
    4.989090000     0.987709251     0.004947265     0.069307233     0.058951452     1.653627277     0.048224382
    4.989100000     0.987047262     0.004948995     0.075810600     0.058999322     1.655071301     0.048338128
    4.989110000     0.986385696     0.004950705     0.082311291     0.059048563     1.656629573     0.048467374
    4.989120000     0.985724572     0.004952393     0.088809264     0.059099171     1.658301976     0.048612098
    4.989130000     0.985063910     0.004954060     0.095304472     0.059151143     1.660088451     0.048772271
    4.989140000     0.984403731     0.004955705     0.101796875     0.059204476     1.661988888     0.048947852
    4.989150000     0.983744055     0.004957328     0.108286426     0.059259167     1.664003218     0.049138791
    4.989160000     0.983084900     0.004958928     0.114773082     0.059315211     1.666131346     0.049345029
    4.989170000     0.982426289     0.004960507     0.121256799     0.059372607     1.668373162     0.049566497
    4.989180000     0.981768239     0.004962062     0.127737533     0.059431349     1.670728569     0.049803118
    4.989190000     0.981110770     0.004963595     0.134215237     0.059491436     1.673197533     0.050054808
    4.989200000     0.980453903     0.004965105     0.140689868     0.059552864     1.675779898     0.050321473
    4.989210000     0.979797656     0.004966592     0.147161377     0.059615629     1.678475617     0.050603012
    4.989220000     0.979142049     0.004968055     0.153629721     0.059679728     1.681284580     0.050899320
    4.989230000     0.978487102     0.004969495     0.160094854     0.059745158     1.684206674     0.051210282
    4.989240000     0.977832832     0.004970911     0.166556728     0.059811916     1.687241833     0.051535780
    4.989250000     0.977179260     0.004972303     0.173015294     0.059879999     1.690389994     0.051875689
    4.989260000     0.976526405     0.004973672     0.179470510     0.059949402     1.693650985     0.052229881
    4.989270000     0.975874285     0.004975016     0.185922326     0.060020123     1.697024767     0.052598223
    4.989280000     0.975222919     0.004976335     0.192370691     0.060092159     1.700511254     0.052980577
    4.989290000     0.974572326     0.004977631     0.198815561     0.060165506     1.704110321     0.053376804
    4.989300000     0.973922524     0.004978901     0.205256885     0.060240160     1.707821890     0.053786761
    4.989310000     0.973273531     0.004980147     0.211694615     0.060316120     1.711645832     0.054210303
    4.989320000     0.972625367     0.004981368     0.218128699     0.060393381     1.715582103     0.054647284
    4.989330000     0.971978049     0.004982564     0.224559091     0.060471941     1.719630552     0.055097554
    4.989340000     0.971331595     0.004983735     0.230985735     0.060551795     1.723791135     0.055560966
    4.989350000     0.970686023     0.004984881     0.237408587     0.060632941     1.728063697     0.056037370
    4.989360000     0.970041351     0.004986001     0.243827590     0.060715376     1.732448173     0.056526615
    4.989370000     0.969397597     0.004987096     0.250242696     0.060799096     1.736944455     0.057028552
    4.989380000     0.968754777     0.004988165     0.256653849     0.060884098     1.741552441     0.057543033
    4.989390000     0.968112911     0.004989209     0.263061001     0.060970378     1.746272018     0.058069910
    4.989400000     0.967472015     0.004990227     0.269464094     0.061057935     1.751103103     0.058609034
    4.989410000     0.966832105     0.004991219     0.275863076     0.061146763     1.756045589     0.059160261
    4.989420000     0.966193200     0.004992186     0.282257896     0.061236861     1.761099331     0.059723446
    4.989430000     0.965555316     0.004993126     0.288648495     0.061328224     1.766264270     0.060298448
    4.989440000     0.964918469     0.004994041     0.295034821     0.061420850     1.771540259     0.060885126
    4.989450000     0.964282677     0.004994929     0.301416815     0.061514736     1.776927226     0.061483343
    4.989460000     0.963647955     0.004995792     0.307794425     0.061609877     1.782425020     0.062092963
    4.989470000     0.963014321     0.004996628     0.314167590     0.061706272     1.788033568     0.062713852
    4.989480000     0.962381790     0.004997438     0.320536255     0.061803916     1.793752729     0.063345882
    4.989490000     0.961750378     0.004998222     0.326900362     0.061902807     1.799582394     0.063988924
    4.989500000     0.961120101     0.004998980     0.333259851     0.062002941     1.805522469     0.064642854
    4.989510000     0.960490975     0.004999711     0.339614666     0.062104315     1.811572781     0.065307549
    4.989520000     0.959863015     0.005000416     0.345964746     0.062206926     1.817733256     0.065982892
    4.989530000     0.959236236     0.005001095     0.352310029     0.062310770     1.824003770     0.066668767
    4.989540000     0.958610655     0.005001748     0.358650456     0.062415845     1.830384188     0.067365060
    4.989550000     0.957986285     0.005002374     0.364985967     0.062522147     1.836874361     0.068071663
    4.989560000     0.957363143     0.005002974     0.371316496     0.062629673     1.843474219     0.068788470
    4.989570000     0.956741242     0.005003548     0.377641984     0.062738419     1.850183595     0.069515376
    4.989580000     0.956120597     0.005004096     0.383962367     0.062848384     1.857002364     0.070252281
    4.989590000     0.955501223     0.005004617     0.390277580     0.062959562     1.863930407     0.070999090
    4.989600000     0.954883133     0.005005112     0.396587560     0.063071951     1.870967562     0.071755707
    4.989610000     0.954266343     0.005005581     0.402892242     0.063185548     1.878113706     0.072522042
    4.989620000     0.953650865     0.005006024     0.409191556     0.063300350     1.885368743     0.073298006
    4.989630000     0.953036714     0.005006441     0.415485444     0.063416353     1.892732433     0.074083516
    4.989640000     0.952423903     0.005006832     0.421773834     0.063533554     1.900204700     0.074878489
    4.989650000     0.951812445     0.005007197     0.428056655     0.063651950     1.907785451     0.075682845
    4.989660000     0.951202355     0.005007536     0.434333846     0.063771538     1.915474395     0.076496509
    4.989670000     0.950593644     0.005007849     0.440605334     0.063892314     1.923271484     0.077319407
    4.989680000     0.949986326     0.005008137     0.446871046     0.064014275     1.931176587     0.078151468
    4.989690000     0.949380413     0.005008399     0.453130922     0.064137418     1.939189427     0.078992624
    4.989700000     0.948775918     0.005008635     0.459384878     0.064261740     1.947309974     0.079842811
    4.989710000     0.948172854     0.005008846     0.465632851     0.064387238     1.955537995     0.080701964
    4.989720000     0.947571232     0.005009031     0.471874765     0.064513908     1.963873350     0.081570023
    4.989730000     0.946971065     0.005009192     0.478110549     0.064641747     1.972315882     0.082446931
    4.989740000     0.946372363     0.005009327     0.484340127     0.064770751     1.980865400     0.083332631
    4.989750000     0.945775140     0.005009436     0.490563423     0.064900918     1.989521776     0.084227071
    4.989760000     0.945179407     0.005009521     0.496780368     0.065032245     1.998284747     0.085130198
    4.989770000     0.944585174     0.005009582     0.502990882     0.065164728     2.007154177     0.086041965
    4.989780000     0.943992453     0.005009617     0.509194886     0.065298363     2.016129935     0.086962323
    4.989790000     0.943401254     0.005009628     0.515392306     0.065433148     2.025211780     0.087891229
    4.989800000     0.942811590     0.005009615     0.521583062     0.065569080     2.034399544     0.088828638
    4.989810000     0.942223469     0.005009577     0.527767082     0.065706155     2.043692972     0.089774511
    4.989820000     0.941636903     0.005009515     0.533944275     0.065844369     2.053091959     0.090728807
    4.989830000     0.941051902     0.005009429     0.540114564     0.065983720     2.062596331     0.091691489
    4.989840000     0.940468475     0.005009319     0.546277875     0.066124205     2.072205737     0.092662522
    4.989850000     0.939886633     0.005009186     0.552434117     0.066265820     2.081920119     0.093641870
    4.989860000     0.939306385     0.005009029     0.558583212     0.066408562     2.091739203     0.094629502
    4.989870000     0.938727741     0.005008848     0.564725079     0.066552428     2.101662754     0.095625386
    4.989880000     0.938150710     0.005008645     0.570859628     0.066697414     2.111690609     0.096629493
    4.989890000     0.937575301     0.005008418     0.576986780     0.066843518     2.121822484     0.097641794
    4.989900000     0.937001523     0.005008169     0.583106442     0.066990735     2.132058261     0.098662262
    4.989910000     0.936429386     0.005007897     0.589218534     0.067139064     2.142397623     0.099690872
    4.989920000     0.935858896     0.005007603     0.595322972     0.067288500     2.152840301     0.100727599
    4.989930000     0.935290064     0.005007286     0.601419660     0.067439040     2.163386148     0.101772420
    4.989940000     0.934722896     0.005006948     0.607508510     0.067590682     2.174034900     0.102825313
    4.989950000     0.934157402     0.005006587     0.613589439     0.067743421     2.184786273     0.103886256
    4.989960000     0.933593589     0.005006205     0.619662350     0.067897256     2.195640069     0.104955230
    4.989970000     0.933031464     0.005005802     0.625727155     0.068052182     2.206595998     0.106032215
    4.989980000     0.932471035     0.005005377     0.631783766     0.068208196     2.217653803     0.107117193
    4.989990000     0.931912310     0.005004931     0.637832084     0.068365295     2.228813243     0.108210148
    4.990000000     0.931355296     0.005004465     0.643872022     0.068523477     2.240074001     0.109311061
