         #betas            mean        mean_std        skewness    skewness_std        kurtosis    kurtosis_std
    4.986000000     1.100811803     0.008831649    -0.899033610     0.063046544     2.805699282     0.173165285
    4.986040201     1.098870349     0.008788518    -0.881896451     0.062685943     2.761930421     0.172047877
    4.986080402     1.097090983     0.008737497    -0.865880037     0.061717702     2.721866411     0.166936704
    4.986120603     1.095271027     0.008468090    -0.850135698     0.059557187     2.680882977     0.157251624
    4.986160804     1.093364489     0.008471956    -0.833243286     0.059257254     2.642212902     0.152521325
    4.986201005     1.091543126     0.008292115    -0.818230757     0.057824405     2.607538383     0.147887054
    4.986241206     1.089728200     0.008119218    -0.802343337     0.056103292     2.569748989     0.138996976
    4.986281407     1.087987244     0.007942015    -0.787568304     0.055059378     2.536210946     0.133188138
    4.986321608     1.085996032     0.007797610    -0.769576120     0.053329364     2.494212051     0.125955997
    4.986361809     1.084238160     0.007568593    -0.754826938     0.051832528     2.464780035     0.118205474
    4.986402010     1.082414305     0.007622756    -0.739547390     0.052091404     2.433720617     0.117669247
    4.986442211     1.080656731     0.007335820    -0.724445406     0.049735384     2.403055372     0.109845506
    4.986482412     1.078874063     0.007249524    -0.709491503     0.049313917     2.371092867     0.107279766
    4.986522613     1.077122569     0.007217325    -0.695135162     0.049480301     2.342215989     0.104878140
    4.986562814     1.075389278     0.007223729    -0.680726034     0.048470212     2.312699559     0.097604671
    4.986603015     1.073631322     0.007117056    -0.665850311     0.048015711     2.285766377     0.095619679
    4.986643216     1.071920216     0.006966378    -0.651617712     0.046770401     2.261355066     0.091930221
    4.986683417     1.070171654     0.006822709    -0.637786310     0.045491356     2.235130622     0.088838421
    4.986723618     1.068651736     0.006870171    -0.624593917     0.045884191     2.213045322     0.082587082
    4.986763819     1.067005408     0.006746931    -0.611840847     0.045522672     2.189336250     0.083585470
    4.986804020     1.065410125     0.006733767    -0.598043749     0.045625942     2.166882758     0.079834115
    4.986844221     1.063794613     0.006691401    -0.585016628     0.044796374     2.145939028     0.078103549
    4.986884422     1.062322235     0.006650289    -0.573258710     0.044389351     2.126573828     0.075885551
    4.986924623     1.060845125     0.006447076    -0.561064481     0.042550373     2.106422641     0.072128675
    4.986964824     1.059409618     0.006293704    -0.548390055     0.041920950     2.086472031     0.068499538
    4.987005025     1.057990921     0.006176042    -0.536937833     0.041066976     2.069146722     0.064595496
    4.987045226     1.056793356     0.006011125    -0.527788755     0.039430266     2.057355519     0.060028691
    4.987085427     1.055299067     0.005854499    -0.515196432     0.038485258     2.037333198     0.059420132
    4.987125628     1.054111719     0.005695325    -0.505656978     0.037604892     2.026035176     0.057114875
    4.987165829     1.052673995     0.005486406    -0.493901612     0.035872208     2.008139487     0.052167467
    4.987206030     1.051538932     0.005279307    -0.484893456     0.034238021     1.996200736     0.047581235
    4.987246231     1.050291288     0.004994222    -0.474314095     0.031249488     1.983522975     0.043082819
    4.987286432     1.049073482     0.004839941    -0.463974264     0.030688840     1.967976315     0.044170724
    4.987326633     1.047717857     0.004706641    -0.453824247     0.030535826     1.954892775     0.041912877
    4.987366834     1.046483231     0.004413552    -0.443589589     0.028361734     1.944624278     0.037788140
    4.987407035     1.045266473     0.004177582    -0.434167121     0.026464061     1.931963919     0.034916134
    4.987447236     1.044141543     0.003901340    -0.424320207     0.024601068     1.919309374     0.029696122
    4.987487437     1.042936015     0.003723591    -0.414404739     0.023667655     1.909110147     0.028708501
    4.987527638     1.041770279     0.003523754    -0.405292387     0.022299165     1.897876822     0.028592156
    4.987567839     1.040494633     0.003287861    -0.394787772     0.020794480     1.886923857     0.025402954
    4.987608040     1.039260268     0.003136522    -0.385187606     0.020094629     1.876940446     0.021625842
    4.987648241     1.038323975     0.002910792    -0.377533299     0.018740492     1.868640428     0.020153692
    4.987688442     1.037119365     0.002712859    -0.368120489     0.017163777     1.858362280     0.019362992
    4.987728643     1.036070943     0.002518655    -0.359727091     0.016315216     1.849686345     0.018648941
    4.987768844     1.034973943     0.002396986    -0.350800905     0.015478868     1.841981070     0.016363454
    4.987809045     1.033908606     0.002144073    -0.341879348     0.014498957     1.831930047     0.016401370
    4.987849246     1.032789147     0.001939705    -0.333001745     0.012945107     1.824423832     0.012605561
    4.987889447     1.031629884     0.001678492    -0.323884844     0.011729437     1.815944957     0.010610605
    4.987929648     1.030275786     0.001461729    -0.313006235     0.010069686     1.807670164     0.009869704
    4.987969849     1.029147124     0.001262302    -0.303777936     0.009130356     1.799008075     0.007716882
    4.988010050     1.028049660     0.001169972    -0.295188205     0.008325896     1.792368826     0.006134917
    4.988050251     1.026753139     0.001154427    -0.284792059     0.008558724     1.784520249     0.006591449
    4.988090452     1.025554812     0.001255772    -0.275638788     0.008898381     1.777209609     0.007096481
    4.988130653     1.024371231     0.001200019    -0.266304738     0.009046499     1.770506181     0.007490202
    4.988170854     1.023350966     0.001183806    -0.258376308     0.008479340     1.765216331     0.006508481
    4.988211055     1.022338974     0.001400723    -0.250696627     0.009984790     1.759564339     0.005915090
    4.988251256     1.021043038     0.001357238    -0.240502511     0.010041351     1.752746770     0.006591260
    4.988291457     1.019890153     0.001384003    -0.231505136     0.010121632     1.747076932     0.005582635
    4.988331658     1.018691850     0.001485919    -0.221580626     0.010454546     1.741419804     0.004258582
    4.988371859     1.017653334     0.001588014    -0.213944534     0.011232951     1.737058405     0.005755013
    4.988412060     1.016396081     0.001657501    -0.204448826     0.011851222     1.732523955     0.007212088
    4.988452261     1.015327430     0.001736416    -0.196240046     0.012031418     1.727297259     0.005952738
    4.988492462     1.014070284     0.001855098    -0.186134597     0.013466220     1.722510834     0.006239478
    4.988532663     1.013129890     0.001979243    -0.179056001     0.013672552     1.717722711     0.005918768
    4.988572864     1.011791801     0.002086000    -0.168819295     0.014731625     1.714925935     0.006483536
    4.988613065     1.010635424     0.002134507    -0.159635546     0.015075973     1.709634830     0.005377211
    4.988653266     1.009455407     0.002215335    -0.150315275     0.015827387     1.706801841     0.005335859
    4.988693467     1.008321404     0.002193382    -0.142153016     0.015188305     1.702857752     0.006510893
    4.988733668     1.007128358     0.002360983    -0.132665564     0.016742797     1.699805315     0.006324579
    4.988773869     1.005936074     0.002324666    -0.123475840     0.016562646     1.696866976     0.005819092
    4.988814070     1.004845369     0.002246550    -0.115313293     0.016210724     1.694787018     0.006697884
    4.988854271     1.003666502     0.002191235    -0.105993212     0.015649386     1.692059561     0.005125757
    4.988894472     1.002582747     0.002418538    -0.097642999     0.017639051     1.689216442     0.004684306
    4.988934673     1.001316148     0.002457040    -0.088244482     0.017350172     1.687111686     0.005840808
    4.988974874     1.000266922     0.002361612    -0.080318533     0.017462876     1.686377141     0.004261659
    4.989015075     0.999187869     0.002294804    -0.072036983     0.016522007     1.683175298     0.004527572
    4.989055276     0.997870451     0.002384406    -0.061591819     0.017627397     1.681670187     0.003520383
    4.989095477     0.996752232     0.002275741    -0.053151615     0.017304135     1.680344714     0.003646023
    4.989135678     0.995528543     0.002312563    -0.043658688     0.017117145     1.678860985     0.002596884
    4.989175879     0.994423890     0.002266890    -0.035336301     0.017635484     1.678960411     0.003340735
    4.989216080     0.993304694     0.002177466    -0.026806895     0.016572820     1.677698577     0.003556553
    4.989256281     0.992115504     0.002244847    -0.017740013     0.017784953     1.677245192     0.002483934
    4.989296482     0.990899903     0.002167952    -0.008523124     0.017210185     1.677215604     0.002517048
    4.989336683     0.989815569     0.002137084    -0.000033561     0.017157908     1.675456642     0.003591521
    4.989376884     0.988573003     0.002053276     0.009239671     0.016379180     1.677235491     0.002258934
    4.989417085     0.987504023     0.002061864     0.017281746     0.016857524     1.677083147     0.003492373
    4.989457286     0.986243165     0.001901834     0.027159689     0.016251624     1.677874260     0.003679292
    4.989497487     0.985171270     0.001892583     0.035574929     0.016043684     1.678103253     0.003978295
    4.989537688     0.984040743     0.001808317     0.044184806     0.016238814     1.680499239     0.004756296
    4.989577889     0.983034587     0.001630515     0.052576201     0.014634510     1.680951870     0.004096804
    4.989618090     0.981737602     0.001734816     0.061925113     0.015856582     1.681883091     0.003650138
    4.989658291     0.980639905     0.001623744     0.070347032     0.014591990     1.684307951     0.005268632
    4.989698492     0.979505223     0.001527322     0.079469556     0.014709752     1.685757858     0.004869934
    4.989738693     0.978308368     0.001558753     0.088673677     0.015072061     1.688631556     0.005181951
    4.989778894     0.977248114     0.001403690     0.096604553     0.014275723     1.691196780     0.005302622
    4.989819095     0.976143682     0.001390108     0.106065674     0.014107841     1.692736212     0.005382841
    4.989859296     0.974909210     0.001293024     0.115236324     0.013799291     1.696089067     0.007170623
    4.989899497     0.973872828     0.001248082     0.123835518     0.013780604     1.698591889     0.006846866
    4.989939698     0.972807932     0.001246363     0.131597201     0.013949876     1.701231857     0.006692339
    4.989979899     0.971744108     0.001121164     0.140316747     0.012932214     1.705501540     0.007895859
    4.990020101     0.970643109     0.001266876     0.148627491     0.014384869     1.707686236     0.007606003
    4.990060302     0.969546831     0.001291483     0.157032080     0.014531866     1.712204978     0.006685351
    4.990100503     0.968575633     0.001442884     0.164944705     0.015617049     1.715797206     0.009409705
    4.990140704     0.967456573     0.001397278     0.174350026     0.015299204     1.720561672     0.009044481
    4.990180905     0.966346610     0.001646228     0.182410293     0.017115736     1.723932971     0.009614823
    4.990221106     0.965291357     0.001708225     0.191402429     0.017465954     1.729780428     0.011608826
    4.990261307     0.964139068     0.001691960     0.200116199     0.016714574     1.733243661     0.010756864
    4.990301508     0.963083005     0.001751653     0.208920974     0.017547428     1.739184781     0.011732586
    4.990341709     0.961955208     0.001798101     0.217615861     0.018140929     1.744629259     0.013743563
    4.990381910     0.960921878     0.001964419     0.226148884     0.018536311     1.750498602     0.013080413
    4.990422111     0.959848344     0.002053614     0.234468570     0.019262361     1.755684761     0.014636991
    4.990462312     0.958799499     0.002059792     0.243911626     0.019235468     1.761306765     0.013416679
    4.990502513     0.957739139     0.002167259     0.251580346     0.020249105     1.766930410     0.013837784
    4.990542714     0.956704903     0.002367179     0.259165643     0.021629544     1.773305562     0.016549325
    4.990582915     0.955620378     0.002393924     0.268387693     0.022246659     1.779770617     0.017353359
    4.990623116     0.954621589     0.002567712     0.276067513     0.023146497     1.785517825     0.018943744
    4.990663317     0.953512120     0.002624371     0.285129826     0.023255248     1.793510718     0.017967265
    4.990703518     0.952395386     0.002784806     0.294259065     0.024649468     1.801115103     0.020600687
    4.990743719     0.951310354     0.002656895     0.303050725     0.023798988     1.807845913     0.020003735
    4.990783920     0.950254840     0.002716874     0.311551378     0.024583658     1.815356106     0.021823078
    4.990824121     0.949117190     0.002763825     0.321057829     0.025017792     1.823183818     0.022386832
    4.990864322     0.947981924     0.002616332     0.330255284     0.023679256     1.832056327     0.021279990
    4.990904523     0.946773595     0.002674856     0.339676325     0.024136638     1.841318630     0.023391977
    4.990944724     0.945751619     0.002661943     0.348270033     0.024080481     1.848739280     0.023278245
    4.990984925     0.944615734     0.002651049     0.357105583     0.024235738     1.858994233     0.024287744
    4.991025126     0.943538028     0.002684689     0.365932338     0.023713945     1.867197950     0.024438637
    4.991065327     0.942344791     0.002724084     0.375919304     0.024952501     1.876797225     0.025670849
    4.991105528     0.941222233     0.002734600     0.385327945     0.024443951     1.887262813     0.026154260
    4.991145729     0.940131664     0.002808383     0.393727160     0.024335170     1.897738053     0.026769008
    4.991185930     0.938963866     0.002667285     0.403726579     0.022723255     1.908626542     0.026823405
    4.991226131     0.937914503     0.002634194     0.412336112     0.022135650     1.918323560     0.025902111
    4.991266332     0.936693037     0.002732793     0.422019908     0.022768934     1.930181984     0.028193199
    4.991306533     0.935538656     0.002826608     0.432437610     0.023394764     1.942217067     0.029875373
    4.991346734     0.934296608     0.002759440     0.442347341     0.023369628     1.956134077     0.030481190
    4.991386935     0.933141828     0.002816287     0.451689084     0.023493617     1.966079325     0.030399916
    4.991427136     0.931809819     0.002729728     0.462817170     0.022143241     1.981441898     0.029350099
    4.991467337     0.930499709     0.002904115     0.473444476     0.022796285     1.994660042     0.031856131
    4.991507538     0.929113936     0.002734256     0.484270098     0.022067381     2.010981304     0.031661130
    4.991547739     0.927837247     0.002792265     0.494588380     0.022278981     2.025896337     0.032410406
    4.991587940     0.926527572     0.002601995     0.505845093     0.021152286     2.040879928     0.031281950
    4.991628141     0.925002396     0.002584589     0.518256152     0.020714046     2.059659359     0.031066155
    4.991668342     0.923504150     0.002446275     0.530522835     0.020071309     2.077749077     0.032270849
    4.991708543     0.922008431     0.002411431     0.542784046     0.019687985     2.096333451     0.032539361
    4.991748744     0.920448947     0.002158476     0.555075178     0.017894779     2.114657327     0.029803244
    4.991788945     0.918823338     0.001937640     0.569088083     0.016166158     2.138245460     0.028244011
    4.991829146     0.917349035     0.001781717     0.580904146     0.014978954     2.157267421     0.025720965
    4.991869347     0.915576470     0.001560466     0.595980125     0.014232572     2.182810421     0.025322325
    4.991909548     0.913976377     0.001352596     0.608822068     0.012400183     2.204419387     0.022364208
    4.991949749     0.912313592     0.001257488     0.622544496     0.011638672     2.228169179     0.022125513
    4.991989950     0.910630459     0.001148485     0.636203752     0.011036481     2.252907544     0.020558648
    4.992030151     0.908808678     0.001292466     0.651219713     0.011835181     2.282372364     0.022316365
    4.992070352     0.906768721     0.001769676     0.667263235     0.015076684     2.314186421     0.028849034
    4.992110553     0.904613459     0.002493206     0.685041734     0.019796110     2.347936026     0.038700094
    4.992150754     0.902365446     0.003278422     0.703575092     0.024496443     2.384697435     0.050572649
    4.992190955     0.900253898     0.004050281     0.721090728     0.030935952     2.422701964     0.063388618
    4.992231156     0.897993898     0.004883174     0.740010839     0.036234077     2.462845184     0.078788327
    4.992271357     0.895950568     0.005716555     0.756950310     0.042875184     2.499651320     0.095286802
    4.992311558     0.893702906     0.006614199     0.776007865     0.049936793     2.543865380     0.114061173
    4.992351759     0.891444719     0.007406506     0.794474141     0.055329123     2.586116439     0.130576080
    4.992391960     0.889289117     0.008370216     0.812616201     0.063012739     2.632209947     0.152296558
    4.992432161     0.887008774     0.009183561     0.832305960     0.069337283     2.680959014     0.172127306
    4.992472362     0.884798199     0.009936543     0.851280215     0.075577108     2.730875111     0.196066029
    4.992512563     0.882555598     0.010743922     0.870348629     0.082210310     2.779882255     0.215978696
    4.992552764     0.880155092     0.011640489     0.891792569     0.090180234     2.837864638     0.245534428
    4.992592965     0.877819628     0.012352202     0.910618977     0.096047700     2.892180698     0.268227088
    4.992633166     0.875400090     0.013006445     0.931871621     0.101404613     2.952412793     0.293456684
    4.992673367     0.872902578     0.013861112     0.954123094     0.108436397     3.021023444     0.321746301
    4.992713568     0.870506668     0.014537027     0.974874857     0.114429651     3.083803873     0.348472005
    4.992753769     0.868238711     0.015334940     0.995369218     0.121393913     3.146202284     0.379373050
    4.992793970     0.865926337     0.016134292     1.015718727     0.128618625     3.214256715     0.412607650
    4.992834171     0.863550121     0.016934799     1.036014583     0.135679244     3.283478265     0.447494377
    4.992874372     0.861184913     0.017672780     1.058139178     0.142499538     3.358572505     0.481611340
    4.992914573     0.858898079     0.018310225     1.078395112     0.147731973     3.429253317     0.511332719
    4.992954774     0.856533694     0.019123443     1.099901283     0.155343058     3.510337456     0.555330632
    4.992994975     0.854255509     0.019754837     1.121602330     0.161563145     3.591806818     0.589857806
    4.993035176     0.851993746     0.020448916     1.141859154     0.166399846     3.671378950     0.625683163
    4.993075377     0.849709058     0.021150594     1.162113602     0.172210648     3.752668198     0.661990537
    4.993115578     0.847524101     0.021753401     1.182900027     0.177654063     3.835564085     0.700934112
    4.993155779     0.845171636     0.022393467     1.204565547     0.184375704     3.928386478     0.745856786
    4.993195980     0.843058681     0.022992454     1.224186799     0.189214597     4.013875311     0.786875810
    4.993236181     0.840894258     0.023656504     1.244535635     0.193973098     4.105341123     0.831550646
    4.993276382     0.838762742     0.024173425     1.264640537     0.198577546     4.197060289     0.868435595
    4.993316583     0.836626077     0.024738275     1.283546894     0.203600177     4.286920323     0.912768747
    4.993356784     0.834492826     0.025260942     1.303090050     0.206769705     4.382509817     0.951288055
    4.993396985     0.832485259     0.025861552     1.322317775     0.212228545     4.475602374     1.001470199
    4.993437186     0.830388510     0.026283731     1.341892474     0.215722099     4.571438152     1.040311882
    4.993477387     0.828289312     0.026819587     1.360625495     0.217478911     4.676017503     1.084156972
    4.993517588     0.826299018     0.027242779     1.378593847     0.221931758     4.774344025     1.135223578
    4.993557789     0.824288207     0.027757997     1.397519007     0.223647618     4.878939622     1.174921009
    4.993597990     0.822224700     0.028129591     1.414870755     0.225047184     4.980771806     1.208366912
    4.993638191     0.820287925     0.028606378     1.431319390     0.226591542     5.078335324     1.249679231
    4.993678392     0.818200320     0.029007272     1.451082899     0.228168913     5.194495841     1.294308310
    4.993718593     0.816352612     0.029508316     1.465948081     0.230836513     5.291906645     1.338569489
    4.993758794     0.814331406     0.029801870     1.482654128     0.228875303     5.402641575     1.365690989
    4.993798995     0.812408417     0.030280871     1.497001822     0.229890229     5.501604107     1.407145896
    4.993839196     0.810566223     0.030683931     1.513497097     0.230912677     5.613601227     1.454273730
    4.993879397     0.808680463     0.031018683     1.528490321     0.230773714     5.724450782     1.495108235
    4.993919598     0.806861049     0.031406979     1.541812390     0.228372177     5.822981950     1.518775670
    4.993959799     0.805033159     0.031660551     1.557133571     0.227186152     5.935591345     1.550838733
    4.994000000     0.803184789     0.032017302     1.570209323     0.225576157     6.043931303     1.586292105
