         #betas            mean        mean_std        skewness    skewness_std        kurtosis    kurtosis_std
    4.986000000     1.160870540     0.016345554    -2.093179563     0.118461329     8.731383619     1.445320088
    4.986040201     1.159288955     0.016266280    -2.075062431     0.128424070     8.581583126     1.510966996
    4.986080402     1.157621753     0.016286602    -2.049032404     0.137651812     8.310704935     1.501586260
    4.986120603     1.155982077     0.016235612    -2.021869055     0.149649429     8.077246948     1.534293131
    4.986160804     1.154207301     0.016250262    -1.996450480     0.160329520     7.895770055     1.538021744
    4.986201005     1.152421594     0.016231177    -1.970116443     0.169043579     7.666745948     1.543288024
    4.986241206     1.150645590     0.016287154    -1.942022249     0.178100763     7.465459101     1.512280152
    4.986281407     1.148749900     0.016309769    -1.910377019     0.187909561     7.187995455     1.478997573
    4.986321608     1.146890152     0.016358263    -1.881832650     0.196795583     7.017611021     1.502906705
    4.986361809     1.145005262     0.016485801    -1.852463082     0.205293763     6.816398133     1.455329389
    4.986402010     1.143049395     0.016537160    -1.818473843     0.209601246     6.565124059     1.408426198
    4.986442211     1.141109705     0.016647062    -1.789383648     0.219076102     6.411271265     1.430701723
    4.986482412     1.139094543     0.016761867    -1.757192426     0.223704682     6.223010624     1.400600185
    4.986522613     1.137051058     0.016949979    -1.722175139     0.226464601     5.992932678     1.299203546
    4.986562814     1.134935760     0.017162699    -1.689229737     0.234638484     5.823835403     1.314625648
    4.986603015     1.132781804     0.017318725    -1.654508949     0.238370177     5.627670405     1.254511841
    4.986643216     1.130548739     0.017487865    -1.620480165     0.243383308     5.435981323     1.219711120
    4.986683417     1.128365505     0.017690153    -1.586457658     0.245537624     5.270122522     1.169952903
    4.986723618     1.126128650     0.017942401    -1.552891889     0.249406000     5.096735663     1.136922532
    4.986763819     1.123817253     0.018245115    -1.517892601     0.253285770     4.938653929     1.110196107
    4.986804020     1.121532214     0.018576059    -1.484037236     0.257305813     4.773443871     1.065637941
    4.986844221     1.119209933     0.018784398    -1.450894978     0.257471967     4.628011692     1.021033174
    4.986884422     1.116813052     0.019192344    -1.415301239     0.261847289     4.476137409     0.992092937
    4.986924623     1.114374065     0.019501458    -1.381020026     0.264502249     4.343624592     0.953777212
    4.986964824     1.111959541     0.019893953    -1.347293434     0.266922286     4.197618013     0.906942927
    4.987005025     1.109485114     0.020239869    -1.313822794     0.269092990     4.068914636     0.884516069
    4.987045226     1.106951880     0.020662922    -1.278437733     0.270606679     3.934210037     0.844253716
    4.987085427     1.104421389     0.021057925    -1.245169343     0.273216384     3.805016950     0.812954391
    4.987125628     1.101841283     0.021422512    -1.210325825     0.274789666     3.688844819     0.782064906
    4.987165829     1.099180734     0.021956792    -1.175691697     0.277349608     3.573174128     0.753970648
    4.987206030     1.096543348     0.022412106    -1.142173512     0.279075768     3.467945762     0.723788286
    4.987246231     1.093886375     0.022848947    -1.107887147     0.281324064     3.354998372     0.690388278
    4.987286432     1.091186440     0.023316107    -1.073839357     0.283594028     3.248322742     0.665455243
    4.987326633     1.088497901     0.023832201    -1.040459978     0.285285211     3.155235300     0.641072033
    4.987366834     1.085753894     0.024335365    -1.006859731     0.288257354     3.064684345     0.615123008
    4.987407035     1.083032930     0.024719379    -0.974063876     0.289206149     2.975004960     0.596474319
    4.987447236     1.080226004     0.025199471    -0.939695724     0.291260838     2.883872861     0.574269608
    4.987487437     1.077550495     0.025597851    -0.908438572     0.292917400     2.806044761     0.548857602
    4.987527638     1.074860835     0.025897775    -0.877050004     0.293948478     2.730248568     0.529599349
    4.987567839     1.072249055     0.026136374    -0.846619864     0.293466569     2.662083518     0.510834154
    4.987608040     1.069590354     0.026451303    -0.815444543     0.294348012     2.588316099     0.485851135
    4.987648241     1.066931576     0.026677850    -0.784929804     0.294835211     2.520305083     0.473547782
    4.987688442     1.064255869     0.026963791    -0.754379889     0.295216316     2.459576453     0.451937941
    4.987728643     1.061620969     0.027206099    -0.725428132     0.295764184     2.405149945     0.435268243
    4.987768844     1.059059227     0.027508489    -0.697155530     0.296541703     2.349395845     0.414968195
    4.987809045     1.056533605     0.027760399    -0.669185284     0.296845397     2.301704829     0.403637028
    4.987849246     1.054148722     0.028014616    -0.642718693     0.297292656     2.257015361     0.386289935
    4.987889447     1.051740223     0.028318147    -0.616323875     0.296917346     2.208497854     0.366827829
    4.987929648     1.049325138     0.028523262    -0.590194616     0.297382391     2.170542363     0.352829578
    4.987969849     1.046976060     0.028700412    -0.564723825     0.297574378     2.133937723     0.339049654
    4.988010050     1.044599104     0.028861927    -0.539580053     0.296509915     2.097272501     0.317488552
    4.988050251     1.042385966     0.029063995    -0.516335596     0.296477121     2.062500424     0.303277034
    4.988090452     1.040078819     0.029140786    -0.490787119     0.295780018     2.026369635     0.294116841
    4.988130653     1.037877482     0.029237477    -0.467295897     0.295003998     1.997011918     0.273533533
    4.988170854     1.035637861     0.029222172    -0.443633161     0.293065462     1.965338479     0.259316981
    4.988211055     1.033487570     0.029111963    -0.421252603     0.290305025     1.941827086     0.245296547
    4.988251256     1.031301701     0.029213915    -0.398781614     0.289681394     1.917478838     0.235396138
    4.988291457     1.029190332     0.029160686    -0.376523893     0.287787754     1.897589021     0.219149874
    4.988331658     1.027015740     0.029095598    -0.353480913     0.285725612     1.872421429     0.209942448
    4.988371859     1.024960810     0.029046492    -0.332063868     0.284186531     1.848967704     0.196639064
    4.988412060     1.022855473     0.028865141    -0.310437476     0.281582098     1.828635544     0.188264128
    4.988452261     1.020809048     0.028842976    -0.288641806     0.280213203     1.811603383     0.174592554
    4.988492462     1.018890768     0.028754131    -0.269318040     0.278207250     1.797928671     0.168438846
    4.988532663     1.016923457     0.028759408    -0.248766911     0.277124929     1.782918166     0.164075828
    4.988572864     1.015152985     0.028669177    -0.230355479     0.274866325     1.770897229     0.158975167
    4.988613065     1.013266951     0.028708542    -0.210707786     0.274045092     1.761612681     0.149236970
    4.988653266     1.011481911     0.028690391    -0.192063625     0.272921839     1.747405143     0.147903517
    4.988693467     1.009665883     0.028603341    -0.173058151     0.270845512     1.739739093     0.144706865
    4.988733668     1.007874590     0.028727908    -0.154792254     0.270262541     1.729079226     0.139960117
    4.988773869     1.006093413     0.028730917    -0.136446209     0.269692274     1.723146819     0.139456449
    4.988814070     1.004385322     0.028858334    -0.119070365     0.270089806     1.719132412     0.138956321
    4.988854271     1.002626848     0.028683058    -0.101277047     0.267445291     1.714718106     0.143769170
    4.988894472     1.000959414     0.028645744    -0.083679495     0.266608194     1.707828893     0.143071692
    4.988934673     0.999231637     0.028656916    -0.066028796     0.265277585     1.704948366     0.141565938
    4.988974874     0.997486317     0.028685404    -0.048257002     0.265138444     1.702021311     0.145593696
    4.989015075     0.995713562     0.028657551    -0.029705438     0.264168713     1.698766795     0.146793459
    4.989055276     0.993997556     0.028692405    -0.012121944     0.263709364     1.697910454     0.154116478
    4.989095477     0.992193484     0.028553669     0.005925614     0.261164268     1.698876960     0.157829845
    4.989135678     0.990538812     0.028487635     0.023279961     0.260989537     1.697865326     0.159455585
    4.989175879     0.988850391     0.028587011     0.040201469     0.260803736     1.701081382     0.164077608
    4.989216080     0.987107199     0.028448291     0.058263479     0.258654903     1.702867002     0.170722383
    4.989256281     0.985335517     0.028308698     0.075946668     0.257478040     1.706454650     0.173155021
    4.989296482     0.983572918     0.028246545     0.093992757     0.255779516     1.708348758     0.179895082
    4.989336683     0.981705797     0.028086167     0.113011253     0.254217583     1.716539019     0.187656927
    4.989376884     0.979909945     0.027970533     0.130440310     0.252731365     1.722195800     0.192557658
    4.989417085     0.978016007     0.027865500     0.150187371     0.251348859     1.727381996     0.199840569
    4.989457286     0.976157594     0.027649354     0.168470157     0.248507047     1.734829635     0.203103085
    4.989497487     0.974201965     0.027590983     0.188497584     0.247680760     1.744859564     0.214867545
    4.989537688     0.972352511     0.027401859     0.206575628     0.245726084     1.754104904     0.218232735
    4.989577889     0.970377100     0.027176008     0.226917493     0.242653065     1.763066273     0.225867548
    4.989618090     0.968431300     0.027024653     0.246244065     0.240819343     1.777604676     0.231440227
    4.989658291     0.966449034     0.027045635     0.266606865     0.241650629     1.789829451     0.239415914
    4.989698492     0.964469969     0.026833136     0.286506801     0.239218606     1.807017964     0.249794702
    4.989738693     0.962355906     0.026690888     0.307246347     0.237329226     1.822728047     0.254750111
    4.989778894     0.960258442     0.026414659     0.328899075     0.233843862     1.840841463     0.263050667
    4.989819095     0.958019274     0.025800786     0.350926220     0.227600695     1.857953140     0.269038467
    4.989859296     0.955533922     0.025439755     0.376265518     0.224611159     1.881852231     0.278951501
    4.989899497     0.953242749     0.024804925     0.399275388     0.218588922     1.903009778     0.282949105
    4.989939698     0.950687575     0.024204650     0.425352424     0.212412998     1.928217722     0.291626109
    4.989979899     0.948240304     0.023707809     0.450138385     0.206984946     1.957626541     0.298161139
    4.990020101     0.945667022     0.023151708     0.476559629     0.202070789     1.989802451     0.304615313
    4.990060302     0.943181342     0.022589024     0.502081501     0.197293074     2.020749411     0.308286494
    4.990100503     0.940675253     0.021954881     0.528119332     0.190563183     2.056020540     0.311413205
    4.990140704     0.938174993     0.021421149     0.553249614     0.185822932     2.091670581     0.316123007
    4.990180905     0.935587072     0.020777024     0.580722650     0.179187828     2.132686290     0.318642442
    4.990221106     0.933109951     0.020149753     0.606575903     0.173856948     2.169162140     0.320656960
    4.990261307     0.930586606     0.019587069     0.633321829     0.168476712     2.216391634     0.323214532
    4.990301508     0.927997804     0.018937793     0.661533963     0.162542897     2.264750426     0.323182284
    4.990341709     0.925517565     0.018383546     0.687787965     0.157778262     2.312976301     0.326347355
    4.990381910     0.922999412     0.017779317     0.715131033     0.151431091     2.363945850     0.322799956
    4.990422111     0.920406079     0.017259472     0.743410622     0.146233511     2.422022964     0.328933205
    4.990462312     0.917932308     0.016687874     0.771154422     0.140460458     2.478668426     0.326130120
    4.990502513     0.915479535     0.016187276     0.797460146     0.135563499     2.541267317     0.325937048
    4.990542714     0.912888193     0.015661782     0.827445068     0.129298976     2.605029929     0.324432496
    4.990582915     0.910516208     0.015111353     0.854046760     0.123803116     2.667980031     0.320380472
    4.990623116     0.907998163     0.014696478     0.882809615     0.119864123     2.741911206     0.316992099
    4.990663317     0.905645686     0.014285879     0.909543794     0.114026502     2.810316797     0.313057620
    4.990703518     0.903172189     0.013898900     0.938703008     0.109303581     2.885484296     0.307525059
    4.990743719     0.900882030     0.013547908     0.965632208     0.104967588     2.960479531     0.308426353
    4.990783920     0.898382932     0.013212103     0.995861948     0.100709477     3.049013076     0.305197570
    4.990824121     0.896032000     0.012840431     1.024398348     0.096054079     3.131217052     0.296662462
    4.990864322     0.893696952     0.012642410     1.052169861     0.093336298     3.217492155     0.297840422
    4.990904523     0.891428465     0.012313920     1.079982398     0.089358704     3.307313407     0.287849929
    4.990944724     0.889115715     0.012089740     1.108187930     0.085274598     3.399572719     0.286363058
    4.990984925     0.886841565     0.011962863     1.136223370     0.082601238     3.504136703     0.286947059
    4.991025126     0.884659469     0.011772869     1.164640361     0.080749330     3.599521589     0.290138309
    4.991065327     0.882448775     0.011560358     1.193505297     0.077630349     3.702447223     0.281503587
    4.991105528     0.880212605     0.011545339     1.221864168     0.078241508     3.809904980     0.290504756
    4.991145729     0.878111458     0.011530895     1.249452109     0.078827684     3.920605387     0.300175008
    4.991185930     0.875922054     0.011460437     1.279073994     0.078470300     4.038221874     0.304938761
    4.991226131     0.873838025     0.011529442     1.306821963     0.079277541     4.155761511     0.317471230
    4.991266332     0.871808976     0.011461669     1.332558081     0.081088218     4.273428899     0.328788971
    4.991306533     0.869798785     0.011542113     1.360242101     0.083516812     4.401529857     0.347664421
    4.991346734     0.867751855     0.011571858     1.387303814     0.084718219     4.528277958     0.366121458
    4.991386935     0.865846258     0.011655763     1.413280623     0.087336867     4.654665187     0.388889159
    4.991427136     0.863908821     0.011726443     1.440797142     0.091685711     4.786741460     0.412133635
    4.991467337     0.862012303     0.011845000     1.465832148     0.094071464     4.930081662     0.448397747
    4.991507538     0.860178196     0.011928017     1.492531722     0.097584163     5.057695696     0.471467001
    4.991547739     0.858327305     0.012062834     1.517758841     0.101512835     5.209515983     0.504307181
    4.991587940     0.856663167     0.012161543     1.539164244     0.104611083     5.325907769     0.537334334
    4.991628141     0.854843426     0.012348118     1.565292087     0.108680898     5.483000705     0.579525033
    4.991668342     0.853126323     0.012536288     1.588242370     0.113248925     5.636893549     0.621201336
    4.991708543     0.851443690     0.012686741     1.610241981     0.116533799     5.778854969     0.659129116
    4.991748744     0.849751770     0.012813822     1.633569153     0.119298813     5.934124335     0.688353865
    4.991788945     0.848134595     0.012954684     1.653852369     0.121196652     6.079632024     0.733599872
    4.991829146     0.846568447     0.013186241     1.676463729     0.125263972     6.231511880     0.780391200
    4.991869347     0.844980687     0.013371302     1.694588066     0.127379231     6.382653208     0.817503109
    4.991909548     0.843488848     0.013524563     1.714054219     0.131264127     6.527222416     0.864075609
    4.991949749     0.841920149     0.013652671     1.732805238     0.131983191     6.688697832     0.898527307
    4.991989950     0.840466237     0.013864192     1.750641115     0.134244535     6.847335279     0.942902483
    4.992030151     0.838998240     0.014003757     1.766103515     0.135455496     7.009396917     0.984852700
    4.992070352     0.837576783     0.014196869     1.781213454     0.135555196     7.159519636     1.027033942
    4.992110553     0.836140639     0.014360415     1.796624038     0.137644165     7.298428413     1.053100859
    4.992150754     0.834835964     0.014544709     1.808958519     0.136259643     7.436878208     1.086681940
    4.992190955     0.833484459     0.014710136     1.819458357     0.136867052     7.592926945     1.143576244
    4.992231156     0.832196778     0.014886530     1.830321341     0.131814694     7.740770664     1.153814506
    4.992271357     0.830832523     0.015034587     1.841113303     0.134934721     7.872510621     1.181550084
    4.992311558     0.829625630     0.015227601     1.848071848     0.132968406     8.016495413     1.231506711
    4.992351759     0.828400886     0.015376356     1.855701845     0.132213403     8.155416683     1.256771755
    4.992391960     0.827220100     0.015568001     1.861323813     0.129552842     8.283826350     1.280817144
    4.992432161     0.825977337     0.015700969     1.865148950     0.124934809     8.391616012     1.282845637
    4.992472362     0.824803025     0.015831582     1.868779695     0.121030795     8.509133475     1.255713882
    4.992512563     0.823642296     0.015991322     1.868608639     0.116844934     8.639464840     1.276323214
    4.992552764     0.822494107     0.016092115     1.869755661     0.119522759     8.727343030     1.297166263
    4.992592965     0.821424210     0.016241952     1.868085042     0.114839302     8.813190625     1.304408154
    4.992633166     0.820308667     0.016391038     1.867683912     0.116332483     8.924082035     1.292912414
    4.992673367     0.819257641     0.016535126     1.861901732     0.111893493     8.985129057     1.286199419
    4.992713568     0.818222982     0.016708078     1.856643794     0.113139977     9.066540396     1.249791303
    4.992753769     0.817185527     0.016826699     1.846086227     0.111902949     9.085752856     1.178235076
    4.992793970     0.816176581     0.016933845     1.841030958     0.117852172     9.182359992     1.207262527
    4.992834171     0.815154546     0.017083293     1.827386900     0.118797460     9.228738961     1.169093459
    4.992874372     0.814199895     0.017212711     1.816527277     0.129463354     9.263129544     1.131052241
    4.992914573     0.813243985     0.017365167     1.802644692     0.133906517     9.303358452     1.100566193
    4.992954774     0.812304026     0.017484721     1.791521326     0.142167894     9.321998086     1.040949069
    4.992994975     0.811355448     0.017624145     1.776824496     0.151077994     9.277320115     0.953409251
    4.993035176     0.810455674     0.017767529     1.761268682     0.156852217     9.344478877     0.939483455
    4.993075377     0.809573072     0.017890518     1.742531580     0.177112299     9.278435977     0.900882607
    4.993115578     0.808696508     0.018036803     1.724468348     0.187501435     9.257045972     0.827690493
    4.993155779     0.807844281     0.018196684     1.707825690     0.193116315     9.301958992     0.873649694
    4.993195980     0.807052118     0.018321971     1.693142720     0.207691876     9.291531938     0.801070610
    4.993236181     0.806158549     0.018461002     1.670547206     0.220008952     9.255168692     0.792290849
    4.993276382     0.805358887     0.018582141     1.651909918     0.235789258     9.249175495     0.860207318
    4.993316583     0.804589230     0.018728954     1.626626731     0.248440803     9.128691944     0.846094243
    4.993356784     0.803787035     0.018840486     1.605108041     0.262382090     9.107173601     0.752883848
    4.993396985     0.803013343     0.018991729     1.581982460     0.272560641     9.014277429     0.834278861
    4.993437186     0.802255476     0.019138347     1.560196950     0.289925568     9.013743509     0.813938918
    4.993477387     0.801517963     0.019267168     1.541728535     0.300418115     8.845207993     0.910563669
    4.993517588     0.800764525     0.019421673     1.514528315     0.313327329     8.849595857     0.999502927
    4.993557789     0.800024182     0.019563777     1.491996672     0.330920280     8.684996454     1.105281473
    4.993597990     0.799297315     0.019674196     1.468083470     0.340883821     8.664445545     1.052930179
    4.993638191     0.798600584     0.019785446     1.446518110     0.348178837     8.637140973     0.990708583
    4.993678392     0.797892481     0.019931057     1.422570335     0.364646923     8.474475673     1.157178798
    4.993718593     0.797167337     0.020054392     1.394005111     0.370447423     8.383688468     1.242085030
    4.993758794     0.796505201     0.020203891     1.378239655     0.383795270     8.330962874     1.255848926
    4.993798995     0.795849222     0.020351805     1.355065180     0.392234702     8.130975555     1.400635538
    4.993839196     0.795175272     0.020486919     1.327677871     0.407578454     8.096219153     1.456189010
    4.993879397     0.794485772     0.020557034     1.305350730     0.408783341     8.091375639     1.403076595
    4.993919598     0.793842667     0.020686576     1.282031684     0.417327220     7.838540097     1.556746747
    4.993959799     0.793222022     0.020861117     1.257669323     0.428316909     7.818726054     1.572933376
    4.994000000     0.792557967     0.020970815     1.232057329     0.436032040     7.670499530     1.656219854
