         #betas            mean        mean_std        skewness    skewness_std        kurtosis    kurtosis_std
    4.986000000     1.149795997     0.006069194    -1.893210812     0.090082393     7.547814861     0.697287620
    4.986080808     1.147085333     0.006116179    -1.854745598     0.093054254     7.212386388     0.694543819
    4.986161616     1.144245523     0.006122997    -1.811974866     0.092641511     6.883157706     0.636479371
    4.986242424     1.141465110     0.006030255    -1.769632446     0.092504986     6.562653106     0.580497686
    4.986323232     1.138514453     0.005871732    -1.722440377     0.091274757     6.237782472     0.547485603
    4.986404040     1.135516083     0.005732480    -1.677071227     0.089450183     5.964245225     0.526258206
    4.986484848     1.132449162     0.005472227    -1.627272489     0.083924663     5.649008207     0.451632090
    4.986565657     1.129362148     0.005164597    -1.579142139     0.079434640     5.374519271     0.409111178
    4.986646465     1.126171380     0.004878372    -1.528459563     0.074679261     5.110267829     0.360523610
    4.986727273     1.122904742     0.004591650    -1.479222086     0.070629610     4.857130146     0.322924855
    4.986808081     1.119515246     0.004226457    -1.427838756     0.065754779     4.607655627     0.293777626
    4.986888889     1.115998560     0.003951250    -1.375058181     0.062035230     4.368356086     0.251808592
    4.986969697     1.112390816     0.003679808    -1.322346711     0.056825985     4.145603576     0.220559390
    4.987050505     1.108663940     0.003509151    -1.268577571     0.054411576     3.931174385     0.202499556
    4.987131313     1.104697728     0.003369060    -1.213522223     0.051741110     3.721523151     0.177840716
    4.987212121     1.100628877     0.003199195    -1.156889312     0.047675045     3.517868875     0.158253097
    4.987292929     1.096373725     0.003019978    -1.099498547     0.043595937     3.327763755     0.134350018
    4.987373737     1.091915214     0.002738737    -1.041339004     0.037909832     3.146507239     0.109280059
    4.987454545     1.087301129     0.002519617    -0.981866909     0.033376092     2.973763680     0.091708894
    4.987535354     1.082592624     0.002227346    -0.923209302     0.028856628     2.812134701     0.077616678
    4.987616162     1.077774006     0.001934335    -0.864533100     0.024039640     2.665266930     0.058514004
    4.987696970     1.072805458     0.001672224    -0.805439937     0.018909642     2.531105072     0.045365289
    4.987777778     1.067764765     0.001434298    -0.747285015     0.015316223     2.404943064     0.031453692
    4.987858586     1.062646532     0.001350671    -0.689148362     0.013505972     2.291206368     0.029368218
    4.987939394     1.057501787     0.001264298    -0.632282767     0.011595090     2.186964827     0.022351395
    4.988020202     1.052252471     0.001366848    -0.575112183     0.012562882     2.094528757     0.021393005
    4.988101010     1.046974272     0.001640802    -0.518749599     0.015773350     2.011665017     0.023257119
    4.988181818     1.041755265     0.001886705    -0.464009730     0.018345867     1.940670638     0.022314511
    4.988262626     1.036444426     0.002166844    -0.408865789     0.021582768     1.877406969     0.023215577
    4.988343434     1.031238174     0.002254585    -0.355825991     0.022922281     1.822929957     0.021269798
    4.988424242     1.026146328     0.002217169    -0.304365175     0.022064654     1.778521799     0.017487876
    4.988505051     1.021077865     0.002148483    -0.254135198     0.021965287     1.741729152     0.015555569
    4.988585859     1.016111708     0.001991186    -0.204604049     0.019812303     1.711419199     0.010267284
    4.988666667     1.011219966     0.001794938    -0.156288080     0.018493459     1.688633061     0.008489638
    4.988747475     1.006409544     0.001592395    -0.108930432     0.016586182     1.671959794     0.006950696
    4.988828283     1.001658428     0.001495571    -0.062897285     0.016032934     1.662819873     0.006302026
    4.988909091     0.997011840     0.001469957    -0.017275203     0.016124351     1.658946968     0.005165437
    4.988989899     0.992628536     0.001492763     0.025381026     0.015646331     1.660340284     0.004327692
    4.989070707     0.988188607     0.001762580     0.068756462     0.017688251     1.667383877     0.004729574
    4.989151515     0.983793494     0.002202083     0.111969171     0.021365853     1.677133287     0.008049749
    4.989232323     0.979422015     0.002583539     0.154866161     0.024648484     1.695020163     0.011909496
    4.989313131     0.975101256     0.003041938     0.198162224     0.028878781     1.717286161     0.018340725
    4.989393939     0.970808288     0.003212720     0.241002587     0.030635775     1.742806313     0.021055409
    4.989474747     0.966586944     0.003465987     0.283197419     0.033913101     1.776897766     0.026913067
    4.989555556     0.962240773     0.003465529     0.327184430     0.033533382     1.816167971     0.030967829
    4.989636364     0.957879022     0.003394001     0.372134835     0.033160583     1.857689532     0.032968353
    4.989717172     0.953552300     0.002846861     0.416450512     0.028994231     1.908038202     0.034941988
    4.989797980     0.948989764     0.002389189     0.464232953     0.025539211     1.967776899     0.033021595
    4.989878788     0.943874487     0.001705657     0.517668656     0.019681431     2.042076665     0.027765951
    4.989959596     0.938232291     0.001190483     0.577077491     0.015475543     2.132344847     0.023868516
    4.990040404     0.932352912     0.001185559     0.639423266     0.015075407     2.242245445     0.028482367
    4.990121212     0.926496240     0.001585697     0.702682582     0.018987142     2.362713976     0.037253910
    4.990202020     0.920719236     0.002243900     0.766526673     0.025857128     2.498672109     0.055905027
    4.990282828     0.915199709     0.002839365     0.828243962     0.032012373     2.644794087     0.077702176
    4.990363636     0.909684423     0.003613603     0.891539658     0.040539164     2.808042554     0.105094563
    4.990444444     0.904384190     0.004224633     0.953275435     0.047663078     2.976784088     0.132535283
    4.990525253     0.899289674     0.004812906     1.013947952     0.054846780     3.161515105     0.167874676
    4.990606061     0.894406980     0.005369420     1.073495578     0.063099455     3.356890052     0.205020723
    4.990686869     0.889557436     0.005852016     1.133342212     0.069120085     3.565504799     0.241687258
    4.990767677     0.884955817     0.006323528     1.191511924     0.076443932     3.788409029     0.286653692
    4.990848485     0.880478895     0.006734229     1.249138011     0.081130040     4.021670707     0.328938796
    4.990929293     0.876152173     0.007174306     1.305509074     0.088622453     4.266685395     0.379096458
    4.991010101     0.871913016     0.007567869     1.360655339     0.094021322     4.523644664     0.428403314
    4.991090909     0.867905986     0.007926348     1.414056918     0.097691825     4.793515984     0.481304149
    4.991171717     0.863974950     0.008198549     1.465531636     0.100318435     5.067918662     0.530548463
    4.991252525     0.860280943     0.008520607     1.512180579     0.103784680     5.350028873     0.579783780
    4.991333333     0.856681645     0.008744087     1.559231242     0.105041852     5.640678930     0.632397463
    4.991414141     0.853243813     0.008967113     1.601435746     0.106200558     5.926227567     0.687287812
    4.991494949     0.849899989     0.009184778     1.644222887     0.105829652     6.231991156     0.728776194
    4.991575758     0.846679819     0.009375564     1.679608227     0.103775906     6.514457508     0.766632892
    4.991656566     0.843562385     0.009549229     1.712661894     0.100388572     6.829435526     0.808546599
    4.991737374     0.840657899     0.009702811     1.740991667     0.096983457     7.113058436     0.840932861
    4.991818182     0.837795943     0.009820566     1.763422149     0.090222486     7.382539342     0.858236145
    4.991898990     0.835060465     0.009902487     1.785737389     0.084375697     7.668282087     0.880388646
    4.991979798     0.832434100     0.010012359     1.798589743     0.076884396     7.900976987     0.875625457
    4.992060606     0.829974154     0.010121651     1.809215599     0.069394737     8.132450048     0.856926755
    4.992141414     0.827542102     0.010164087     1.812538924     0.063061043     8.358940819     0.855109805
    4.992222222     0.825191355     0.010222818     1.810041314     0.062130441     8.538652586     0.826204206
    4.992303030     0.822988278     0.010307440     1.806972890     0.064837447     8.681050667     0.775887277
    4.992383838     0.820792320     0.010343763     1.791401640     0.071526484     8.816736546     0.693813624
    4.992464646     0.818733197     0.010383317     1.774872300     0.082657284     8.915264361     0.693165303
    4.992545455     0.816711774     0.010435788     1.751907902     0.101660958     9.011074007     0.628043132
    4.992626263     0.814776152     0.010443578     1.730080058     0.112436190     9.066986906     0.584008463
    4.992707071     0.812892362     0.010506145     1.692167336     0.135400009     9.069671276     0.548925890
    4.992787879     0.811101311     0.010506608     1.665377364     0.149949202     9.092629848     0.546625583
    4.992868687     0.809338462     0.010533115     1.625286784     0.167356394     9.014810683     0.521744058
    4.992949495     0.807633367     0.010562205     1.581189344     0.183697076     8.936097721     0.524406433
    4.993030303     0.806013870     0.010584591     1.538656930     0.205173713     8.846098366     0.606682757
    4.993111111     0.804394630     0.010595145     1.492734096     0.222252915     8.751704456     0.664666284
    4.993191919     0.802856326     0.010635722     1.444756632     0.229837385     8.500319209     0.760143903
    4.993272727     0.801340055     0.010645586     1.394152267     0.249301413     8.412882187     0.935703387
    4.993353535     0.799885187     0.010679296     1.341850940     0.257604237     8.183233389     1.045670450
    4.993434343     0.798453486     0.010702393     1.296839187     0.270482309     8.051140659     1.026121152
    4.993515152     0.797047678     0.010718670     1.240826791     0.274434574     7.780024998     1.104773799
    4.993595960     0.795682386     0.010750841     1.190478209     0.278621217     7.628031224     1.176062779
    4.993676768     0.794358322     0.010829484     1.139064900     0.286104268     7.395765455     1.217960490
    4.993757576     0.793043539     0.010841047     1.087698983     0.285772204     7.149954534     1.313727201
    4.993838384     0.791769046     0.010880318     1.041641138     0.286232622     6.932673930     1.299383535
    4.993919192     0.790494597     0.010919379     0.991514858     0.286581373     6.697296685     1.389147135
    4.994000000     0.789290464     0.010977252     0.945151513     0.287030542     6.535610074     1.267630202
